notebooks/rainfall/rainfall.asc
NROWS 25
NCOLS 30
CELLSIZE 1.0
XLLCENTER 0.0
YLLCENTER 0.0
NODATA_VALUE -9999
0.000000000000000000e+00 0.000000000000000000e+00 0.000000000000000000e+00 0.000000000000000000e+00 0.000000000000000000e+00 0.000000000000000000e+00 0.000000000000000000e+00 0.000000000000000000e+00 0.000000000000000000e+00 0.000000000000000000e+00 0.000000000000000000e+00 0.000000000000000000e+00 0.000000000000000000e+00 0.000000000000000000e+00 0.000000000000000000e+00 0.000000000000000000e+00 0.000000000000000000e+00 0.000000000000000000e+00 0.000000000000000000e+00 0.000000000000000000e+00 0.000000000000000000e+00 0.000000000000000000e+00 0.000000000000000000e+00 0.000000000000000000e+00 0.000000000000000000e+00 0.000000000000000000e+00 0.000000000000000000e+00 0.000000000000000000e+00 0.000000000000000000e+00 0.000000000000000000e+00
5.674161475320787673e+01 5.675254147014018713e+01 5.676346825494091775e+01 5.677439510683912260e+01 5.678532202506368520e+01 5.679624900884333982e+01 5.680717605740662179e+01 5.681810316998196697e+01 5.682903034579762647e+01 5.683995758408169507e+01 5.685088488406213969e+01 5.686181224496672115e+01 5.687273966602310793e+01 5.688366714645876954e+01 5.689459468550101207e+01 5.690552228237702792e+01 5.691644993631384608e+01 5.692737764653830368e+01 5.693830541227711706e+01 5.694923323275684623e+01 5.696016110720390202e+01 5.697108903484451048e+01 5.698201701490475557e+01 5.699294504661058625e+01 5.700387312918778093e+01 5.701480126186198305e+01 5.702572944385865128e+01 5.703665767440311640e+01 5.704758595272053867e+01 0.000000000000000000e+00
5.675081290736130057e+01 5.676174139557957687e+01 5.677266995167728680e+01 5.678359857488337070e+01 5.679452726442653443e+01 5.680545601953541279e+01 5.681638483943844165e+01 5.682731372336390763e+01 5.683824267053994106e+01 5.684917168019450173e+01 5.686010075155543575e+01 5.687102988385039026e+01 5.688195907630689874e+01 5.689288832815230279e+01 5.690381763861381614e+01 5.691474700691845356e+01 5.692567643229313745e+01 5.693660591396459125e+01 5.694753545115941051e+01 5.695846504310402025e+01 5.696939468902468207e+01 5.698032438814752965e+01 5.699125413969852616e+01 5.700218394290346424e+01 5.701311379698802284e+01 5.702404370117771748e+01 5.703497365469785052e+01 5.704590365677367458e+01 5.705683370663018650e+01 0.000000000000000000e+00
5.676001051642799666e+01 5.677094077582729170e+01 5.678187110311702668e+01 5.679280149752598561e+01 5.680373195828281041e+01 5.681466248461595825e+01 5.682559307575374419e+01 5.683652373092435539e+01 5.684745444935578007e+01 5.685838523027587144e+01 5.686931607291232638e+01 5.688024697649269257e+01 5.689117794024434716e+01 5.690210896339451097e+01 5.691304004517029114e+01 5.692397118479859586e+01 5.693490238150616278e+01 5.694583363451965141e+01 5.695676494306550097e+01 5.696769630636999437e+01 5.697862772365930084e+01 5.698955919415940485e+01 5.700049071709617010e+01 5.701142229169524001e+01 5.702235391718218693e+01 5.703328559278237009e+01 5.704421731772100657e+01 5.705514909122317846e+01 5.706608091251381154e+01 0.000000000000000000e+00
5.676920757965970665e+01 5.678013961013489563e+01 5.679107170851152375e+01 5.680200387401828266e+01 5.681293610588362242e+01 5.682386840333592204e+01 5.683480076560337579e+01 5.684573319191400742e+01 5.685666568149571276e+01 5.686759823357620292e+01 5.687853084738307530e+01 5.688946352214372126e+01 5.690039625708541848e+01 5.691132905143523146e+01 5.692226190442016787e+01 5.693319481526700088e+01 5.694412778320234736e+01 5.695506080745273891e+01 5.696599388724447977e+01 5.697692702180375335e+01 5.698786021035657967e+01 5.699879345212882242e+01 5.700972674634621740e+01 5.702066009223430143e+01 5.703159348901850478e+01 5.704252693592405876e+01 5.705346043217606677e+01 5.706439397699949012e+01 5.707532756961909115e+01 0.000000000000000000e+00
5.677840409630806562e+01 5.678933789775388874e+01 5.680027176711217152e+01 5.681120570361144217e+01 5.682213970648005841e+01 5.683307377494625712e+01 5.684400790823811178e+01 5.685494210558351824e+01 5.686587636621024444e+01 5.687681068934588069e+01 5.688774507421789650e+01 5.689867952005354823e+01 5.690961402608000697e+01 5.692054859152424484e+01 5.693148321561306346e+01 5.694241789757315075e+01 5.695335263663103120e+01 5.696428743201305167e+01 5.697522228294541691e+01 5.698615718865420376e+01 5.699709214836527593e+01 5.700802716130440473e+01 5.701896222669716963e+01 5.702989734376900088e+01 5.704083251174517244e+01 5.705176772985083744e+01 5.706270299731095008e+01 5.707363831335034376e+01 5.708457367719365294e+01 0.000000000000000000e+00
5.678760006562465890e+01 5.679853563793572135e+01 5.680947127817026399e+01 5.682040698555664449e+01 5.683134275932314239e+01 5.684227859869782407e+01 5.685321450290867773e+01 5.686415047118345001e+01 5.687508650274978805e+01 5.688602259683516849e+01 5.689695875266692582e+01 5.690789496947219561e+01 5.691883124647802106e+01 5.692976758291123929e+01 5.694070397799855243e+01 5.695164043096649209e+01 5.696257694104147618e+01 5.697351350744970944e+01 5.698445012941731136e+01 5.699538680617018116e+01 5.700632353693411858e+01 5.701726032093471730e+01 5.702819715739742890e+01 5.703913404554757705e+01 5.705007098461034332e+01 5.706100797381068901e+01 5.707194501237349726e+01 5.708288209952343095e+01 5.709381923448504637e+01 0.000000000000000000e+00
5.679679548686099366e+01 5.680773282993178697e+01 5.681867024093701701e+01 5.682960771910497755e+01 5.684054526366377758e+01 5.685148287384141952e+01 5.686242054886571395e+01 5.687335828796431514e+01 5.688429609036472812e+01 5.689523395529430871e+01 5.690617188198025644e+01 5.691710986964957897e+01 5.692804791752921290e+01 5.693898602484586746e+01 5.694992419082609558e+01 5.696086241469636491e+01 5.697180069568289440e+01 5.698273903301181065e+01 5.699367742590907682e+01 5.700461587360049265e+01 5.701555437531170156e+01 5.702649293026820487e+01 5.703743153769534047e+01 5.704837019681826860e+01 5.705930890686204293e+01 5.707024766705153240e+01 5.708118647661144962e+01 5.709212533476638640e+01 5.710306424074073561e+01 0.000000000000000000e+00
5.680599035926853446e+01 5.681692947299335827e+01 5.682786865466360382e+01 5.683880790350745116e+01 5.684974721875289561e+01 5.686068659962778327e+01 5.687162604535983945e+01 5.688256555517654789e+01 5.689350512830536388e+01 5.690444476397342299e+01 5.691538446140786789e+01 5.692632421983557833e+01 5.693726403848334172e+01 5.694820391657771808e+01 5.695914385334518926e+01 5.697008384801205239e+01 5.698102389980444826e+01 5.699196400794835426e+01 5.700290417166958434e+01 5.701384439019384587e+01 5.702478466274664015e+01 5.703572498855335482e+01 5.704666536683917855e+01 5.705760579682917921e+01 5.706854627774827549e+01 5.707948680882120129e+01 5.709042738927255556e+01 5.710136801832678799e+01 5.711230869520817066e+01 0.000000000000000000e+00
5.681518468209872452e+01 5.682612556637170798e+01 5.683706651860112657e+01 5.684800753801503248e+01 5.685894862384128601e+01 5.686988977530760536e+01 5.688083099164156664e+01 5.689177227207059673e+01 5.690271361582191645e+01 5.691365502212265426e+01 5.692459649019976808e+01 5.693553801928000979e+01 5.694647960859002467e+01 5.695742125735630879e+01 5.696836296480518769e+01 5.697930473016282349e+01 5.699024655265521488e+01 5.700118843150826109e+01 5.701213036594762684e+01 5.702307235519889161e+01 5.703401439848744303e+01 5.704495649503851240e+01 5.705589864407719602e+01 5.706684084482843389e+01 5.707778309651700255e+01 5.708872539836750803e+01 5.709966774960445690e+01 5.711061014945212122e+01 5.712155259713469491e+01 0.000000000000000000e+00
5.682437845460283654e+01 5.683532110931803061e+01 5.684626383200065192e+01 5.685720662187863184e+01 5.686814947817970989e+01 5.687909240013148349e+01 5.689003538696138662e+01 5.690097843789672538e+01 5.691192155216461401e+01 5.692286472899203886e+01 5.693380796760579443e+01 5.694475126723260416e+01 5.695569462709891440e+01 5.696663804643112883e+01 5.697758152445541668e+01 5.698852506039784060e+01 5.699946865348425717e+01 5.701041230294045192e+01 5.702135600799195458e+01 5.703229976786424515e+01 5.704324358178254784e+01 5.705418744897200867e+01 5.706513136865755342e+01 5.707607534006402972e+01 5.708701936241606489e+01 5.709796343493817261e+01 5.710890755685470310e+01 5.711985172738983607e+01 5.713079594576761622e+01 0.000000000000000000e+00
5.683357167603218585e+01 5.684451610108346387e+01 5.685546059411316833e+01 5.686640515434909560e+01 5.687734978101886441e+01 5.688829447334997269e+01 5.689923923056969812e+01 5.691018405190522600e+01 5.692112893658354267e+01 5.693207388383151368e+01 5.694301889287585539e+01 5.695396396294306385e+01 5.696490909325955698e+01 5.697585428305154664e+01 5.698679953154511679e+01 5.699774483796620217e+01 5.700869020154051725e+01 5.701963562149373388e+01 5.703058109705125389e+01 5.704152662743842939e+01 5.705247221188035667e+01 5.706341784960205388e+01 5.707436353982834731e+01 5.708530928178392116e+01 5.709625507469331751e+01 5.710720091778088658e+01 5.711814681027087204e+01 5.712909275138733278e+01 5.714003874035416430e+01 0.000000000000000000e+00
5.684276434563795277e+01 5.685371054091906018e+01 5.686465680418958613e+01 5.687560313467720619e+01 5.688654953160941830e+01 5.689749599421355697e+01 5.690844252171683593e+01 5.691938911334627704e+01 5.693033576832878140e+01 5.694128248589103691e+01 5.695222926525964624e+01 5.696317610566101308e+01 5.697412300632140614e+01 5.698506996646692357e+01 5.699601698532351435e+01 5.700696406211694978e+01 5.701791119607292302e+01 5.702885838641687144e+01 5.703980563237414003e+01 5.705075293316988905e+01 5.706170028802918637e+01 5.707264769617684408e+01 5.708359515683761032e+01 5.709454266923600585e+01 5.710549023259646617e+01 5.711643784614324204e+01 5.712738550910038526e+01 5.713833322069189080e+01 5.714928098014149782e+01 0.000000000000000000e+00
5.685195646267129632e+01 5.686290442807582934e+01 5.687385246148075879e+01 5.688480056211366787e+01 5.689574872920189819e+01 5.690669696197268479e+01 5.691764525965310639e+01 5.692859362147004276e+01 5.693954204665029550e+01 5.695049053442043885e+01 5.696143908400692624e+01 5.697238769463602637e+01 5.698333636553389425e+01 5.699428509592650016e+01 5.700523388503967936e+01 5.701618273209909660e+01 5.702713163633026738e+01 5.703808059695855093e+01 5.704902961320914301e+01 5.705997868430709730e+01 5.707092780947729693e+01 5.708187698794450426e+01 5.709282621893331111e+01 5.710377550166812455e+01 5.711472483537324507e+01 5.712567421927275291e+01 5.713662365259067855e+01 5.714757313455078247e+01 5.715852266437676121e+01 0.000000000000000000e+00
5.686114802638333288e+01 5.687209776180472431e+01 5.688304756523750427e+01 5.689399743590912806e+01 5.690494737304685202e+01 5.691589737587771936e+01 5.692684744362871641e+01 5.693779757552661636e+01 5.694874777079804318e+01 5.695969802866950715e+01 5.697064834836729830e+01 5.698159872911757873e+01 5.699254917014637556e+01 5.700349967067953116e+01 5.701445022994274581e+01 5.702540084716156343e+01 5.703635152156137167e+01 5.704730225236741603e+01 5.705825303880475019e+01 5.706920388009834255e+01 5.708015477547291994e+01 5.709110572415312390e+01 5.710205672536338994e+01 5.711300777832803988e+01 5.712395888227122498e+01 5.713491003641696153e+01 5.714586123998905975e+01 5.715681249221123039e+01 5.716776379230698524e+01 0.000000000000000000e+00
5.687033903602507223e+01 5.688129054135661278e+01 5.689224211471056947e+01 5.690319375531420576e+01 5.691414546239467853e+01 5.692509723517893860e+01 5.693604907289383021e+01 5.694700097476598444e+01 5.695795294002191866e+01 5.696890496788796554e+01 5.697985705759037245e+01 5.699080920835513098e+01 5.700176141940814745e+01 5.701271368997513633e+01 5.702366601928169132e+01 5.703461840655319293e+01 5.704557085101495062e+01 5.705652335189203939e+01 5.706747590840944184e+01 5.707842851979194165e+01 5.708938118526418748e+01 5.710033390405065745e+01 5.711128667537568759e+01 5.712223949846347182e+01 5.713319237253803351e+01 5.714414529682323973e+01 5.715509827054282255e+01 5.716605129292032927e+01 5.717700436317916513e+01 0.000000000000000000e+00
5.687952949084746024e+01 5.689048276598234111e+01 5.690143610915058758e+01 5.691238951957942049e+01 5.692334299649583329e+01 5.693429653912663468e+01 5.694525014669856944e+01 5.695620381843811231e+01 5.696715755357168831e+01 5.697811135132552351e+01 5.698906521092567345e+01 5.700001913159805866e+01 5.701097311256844336e+01 5.702192715306242832e+01 5.703288125230544381e+01 5.704383540952282061e+01 5.705478962393964792e+01 5.706574389478095810e+01 5.707669822127154902e+01 5.708765260263611196e+01 5.709860703809916060e+01 5.710956152688505938e+01 5.712051606821800931e+01 5.713147066132206930e+01 5.714242530542114196e+01 5.715337999973898064e+01 5.716433474349918953e+01 5.717528953592516672e+01 5.718624437624022505e+01 0.000000000000000000e+00
5.688871939010142142e+01 5.689967443493263488e+01 5.691062954780822736e+01 5.692158472795526336e+01 5.693253997460058002e+01 5.694349528697095764e+01 5.695445066429292069e+01 5.696540610579290842e+01 5.697636161069713978e+01 5.698731717823174847e+01 5.699827280762265502e+01 5.700922849809568760e+01 5.702018424887643278e+01 5.703114005919041318e+01 5.704209592826292408e+01 5.705305185531913992e+01 5.706400783958408596e+01 5.707496388028260270e+01 5.708591997663940276e+01 5.709687612787902111e+01 5.710783233322587904e+01 5.711878859190419888e+01 5.712974490313805376e+01 5.714070126615140310e+01 5.715165768016799319e+01 5.716261414441146371e+01 5.717357065810527672e+01 5.718452722047274506e+01 5.719548383073703235e+01 0.000000000000000000e+00
5.689790873303779506e+01 5.690886554745820547e+01 5.691982242993400831e+01 5.693077937969210467e+01 5.694173639595923930e+01 5.695269347796202908e+01 5.696365062492691322e+01 5.697460783608016044e+01 5.698556511064793284e+01 5.699652244785617938e+01 5.700747984693073533e+01 5.701843730709725833e+01 5.702939482758124967e+01 5.704035240760808279e+01 5.705131004640293213e+01 5.706226774319087980e+01 5.707322549719676630e+01 5.708418330764536108e+01 5.709514117376119913e+01 5.710609909476876567e+01 5.711705706989228304e+01 5.712801509835588831e+01 5.713897317938352671e+01 5.714993131219899425e+01 5.716088949602596614e+01 5.717184773008792575e+01 5.718280601360820725e+01 5.719376434581000979e+01 5.720472272591636909e+01 0.000000000000000000e+00
5.690709751890737067e+01 5.691805610280971450e+01 5.692901475477842865e+01 5.693997347404032183e+01 5.695093225982198959e+01 5.696189111134991379e+01 5.697285002785044128e+01 5.698380900854970577e+01 5.699476805267369883e+01 5.700572715944831259e+01 5.701668632809921178e+01 5.702764555785195455e+01 5.703860484793192143e+01 5.704956419756431529e+01 5.706052360597425377e+01 5.707148307238661289e+01 5.708244259602618342e+01 5.709340217611756430e+01 5.710436181188519811e+01 5.711532150255338536e+01 5.712628124734629154e+01 5.713724104548787608e+01 5.714820089620200605e+01 5.715916079871231403e+01 5.717012075224238288e+01 5.718108075601553253e+01 5.719204080925501898e+01 5.720300091118387797e+01 5.721396106102500312e+01 0.000000000000000000e+00
5.691628574696085963e+01 5.692724610023770992e+01 5.693820652159192974e+01 5.694916701025018568e+01 5.696012756543897382e+01 5.697108818638462679e+01 5.698204887231335647e+01 5.699300962245121127e+01 5.700397043602404068e+01 5.701493131225758759e+01 5.702589225037741727e+01 5.703685324960894576e+01 5.704781430917744700e+01 5.705877542830799598e+01 5.706973660622555400e+01 5.708069784215492604e+01 5.709165913532072523e+01 5.710262048494747233e+01 5.711358189025944654e+01 5.712454335048087017e+01 5.713550486483573110e+01 5.714646643254788216e+01 5.715742805284104833e+01 5.716838972493879112e+01 5.717935144806450865e+01 5.719031322144143559e+01 5.720127504429267162e+01 5.721223691584113880e+01 5.722319883530963125e+01 0.000000000000000000e+00
5.692547341644892356e+01 5.693643553899272547e+01 5.694739772962488900e+01 5.695835998757193863e+01 5.696932231206027097e+01 5.698028470231609077e+01 5.699124715756547488e+01 5.700220967703433672e+01 5.701317225994841920e+01 5.702413490553333020e+01 5.703509761301452841e+01 5.704606038161728065e+01 5.705702321056673298e+01 5.706798609908787512e+01 5.707894904640550493e+01 5.708991205174431371e+01 5.710087511432877960e+01 5.711183823338330967e+01 5.712280140813206231e+01 5.713376463779911774e+01 5.714472792160835013e+01 5.715569125878350576e+01 5.716665464854814616e+01 5.717761809012572627e+01 5.718858158273953052e+01 5.719954512561263016e+01 5.721050871796805382e+01 5.722147235902856011e+01 5.723243604801682238e+01 0.000000000000000000e+00
5.693466052662213883e+01 5.694562441832520250e+01 5.695658837812760567e+01 5.696755240525575914e+01 5.697851649893590320e+01 5.698948065839417865e+01 5.700044488285649891e+01 5.701140917154866372e+01 5.702237352369628809e+01 5.703333793852486622e+01 5.704430241525970047e+01 5.705526695312596530e+01 5.706623155134867176e+01 5.707719620915267456e+01 5.708816092576266499e+01 5.709912570040317803e+01 5.711009053229862076e+01 5.712105542067320840e+01 5.713202036475102830e+01 5.714298536375599724e+01 5.715395041691188283e+01 5.716491552344231053e+01 5.717588068257072820e+01 5.718684589352044156e+01 5.719781115551458583e+01 5.720877646777616832e+01 5.721974182952802579e+01 5.723070723999285292e+01 5.724167269839316674e+01 0.000000000000000000e+00
5.694384707673108181e+01 5.695481273748553974e+01 5.696577846635030795e+01 5.697674426255171909e+01 5.698771012531586422e+01 5.699867605386871361e+01 5.700964204743613095e+01 5.702060810524372414e+01 5.703157422651705133e+01 5.704254041048142199e+01 5.705350665636204610e+01 5.706447296338397024e+01 5.707543933077207754e+01 5.708640575775106640e+01 5.709737224354554996e+01 5.710833878737993530e+01 5.711930538847845895e+01 5.713027204606526510e+01 5.714123875936427055e+01 5.715220552759930683e+01 5.716317234999400654e+01 5.717413922577182461e+01 5.718510615415613785e+01 5.719607313437009566e+01 5.720704016563674088e+01 5.721800724717893161e+01 5.722897437821937672e+01 5.723994155798063588e+01 5.725090878568514796e+01 0.000000000000000000e+00
5.695303306602621518e+01 5.696400049572406488e+01 5.697496799354322405e+01 5.698593555870986194e+01 5.699690319045000564e+01 5.700787088798946911e+01 5.701883865055395972e+01 5.702980647736900721e+01 5.704077436765999920e+01 5.705174232065218121e+01 5.706271033557059269e+01 5.707367841164017364e+01 5.708464654808565797e+01 5.709561474413166593e+01 5.710658299900263302e+01 5.711755131192285262e+01 5.712851968211648312e+01 5.713948810880749818e+01 5.715045659121968669e+01 5.716142512857678781e+01 5.717239372010225651e+01 5.718336236501948378e+01 5.719433106255166877e+01 5.720529981192189695e+01 5.721626861235301931e+01 5.722723746306780157e+01 5.723820636328883893e+01 5.724917531223852762e+01 5.726014430913920705e+01 0.000000000000000000e+00
