notebooks/carol/rainfall/rainfall.asc
NROWS 25
NCOLS 30
CELLSIZE 1.0
XLLCENTER 0.0
YLLCENTER 0.0
NODATA_VALUE -9999
0.000000000000000000e+00 0.000000000000000000e+00 0.000000000000000000e+00 0.000000000000000000e+00 0.000000000000000000e+00 0.000000000000000000e+00 0.000000000000000000e+00 0.000000000000000000e+00 0.000000000000000000e+00 0.000000000000000000e+00 0.000000000000000000e+00 0.000000000000000000e+00 0.000000000000000000e+00 0.000000000000000000e+00 0.000000000000000000e+00 0.000000000000000000e+00 0.000000000000000000e+00 0.000000000000000000e+00 0.000000000000000000e+00 0.000000000000000000e+00 0.000000000000000000e+00 0.000000000000000000e+00 0.000000000000000000e+00 0.000000000000000000e+00 0.000000000000000000e+00 0.000000000000000000e+00 0.000000000000000000e+00 0.000000000000000000e+00 0.000000000000000000e+00 0.000000000000000000e+00
2.837080737660394036e-01 2.837627073507009157e-01 2.838173412747045932e-01 2.838719755341956308e-01 2.839266101253184460e-01 2.839812450442166791e-01 2.840358802870330823e-01 2.840905158499098526e-01 2.841451517289881323e-01 2.841997879204084532e-01 2.842544244203106807e-01 2.843090612248336257e-01 2.843636983301155441e-01 2.844183357322938033e-01 2.844729734275049937e-01 2.845276114118851507e-01 2.845822496815691993e-01 2.846368882326915095e-01 2.846915270613855631e-01 2.847461661637842312e-01 2.848008055360194968e-01 2.848554451742225102e-01 2.849100850745237556e-01 2.849647252330529401e-01 2.850193656459388825e-01 2.850740063093099574e-01 2.851286472192932631e-01 2.851832883720155642e-01 2.852379297636026823e-01 0.000000000000000000e+00
2.837540645368064607e-01 2.838087069778978400e-01 2.838633497583864518e-01 2.839179928744168246e-01 2.839726363221326544e-01 2.840272800976770817e-01 2.840819241971921927e-01 2.841365686168195182e-01 2.841912133526997009e-01 2.842458584009724953e-01 2.843005037577772121e-01 2.843551494192519402e-01 2.844097953815344915e-01 2.844644416407615117e-01 2.845190881930690363e-01 2.845737350345922678e-01 2.846283821614656873e-01 2.846830295698229429e-01 2.847376772557970170e-01 2.847923252155200591e-01 2.848469734451234414e-01 2.849016219407376482e-01 2.849562706984926641e-01 2.850109197145173634e-01 2.850655689849401209e-01 2.851202185058885341e-01 2.851748682734892570e-01 2.852295182838683330e-01 2.852841685331509169e-01 0.000000000000000000e+00
2.838000525821399722e-01 2.838547038791364163e-01 2.839093555155851045e-01 2.839640074876298992e-01 2.840186597914139965e-01 2.840733124230797602e-01 2.841279653787687209e-01 2.841826186546217436e-01 2.842372722467788604e-01 2.842919261513793261e-01 2.843465803645616186e-01 2.844012348824634939e-01 2.844558897012217646e-01 2.845105448169725770e-01 2.845652002258514668e-01 2.846198559239929704e-01 2.846745119075307917e-01 2.847291681725982460e-01 2.847838247153274827e-01 2.848384815318499297e-01 2.848931386182965153e-01 2.849477959707970021e-01 2.850024535854808194e-01 2.850571114584762311e-01 2.851117695859109458e-01 2.851664279639117838e-01 2.852210865886050661e-01 2.852757454561158923e-01 2.853304045625690288e-01 0.000000000000000000e+00
2.838460378982985421e-01 2.839006980506744160e-01 2.839553585425576010e-01 2.840100193700914044e-01 2.840646805294181343e-01 2.841193420166795991e-01 2.841740038280168856e-01 2.842286659595700260e-01 2.842833284074785527e-01 2.843379911678810545e-01 2.843926542369153987e-01 2.844473176107186196e-01 2.845019812854270858e-01 2.845566452571761662e-01 2.846113095221007860e-01 2.846659740763349822e-01 2.847206389160117368e-01 2.847753040372636435e-01 2.848299694362224077e-01 2.848846351090187357e-01 2.849393010517828895e-01 2.849939672606441321e-01 2.850486337317310603e-01 2.851033004611714938e-01 2.851579674450925306e-01 2.852126346796202694e-01 2.852673021608803094e-01 2.853219698849974728e-01 2.853766378480954158e-01 0.000000000000000000e+00
2.838920204815402748e-01 2.839466894887694437e-01 2.840013588355608798e-01 2.840560285180571687e-01 2.841106985324002854e-01 2.841653688747313167e-01 2.842200395411905167e-01 2.842747105279175845e-01 2.843293818310512200e-01 2.843840534467294012e-01 2.844387253710894403e-01 2.844933976002677611e-01 2.845480701304000659e-01 2.846027429576212242e-01 2.846574160780653284e-01 2.847120894878657493e-01 2.847667631831551360e-01 2.848214371600652495e-01 2.848761114147270734e-01 2.849307859432710366e-01 2.849854607418264019e-01 2.850401358065219881e-01 2.850948111334858370e-01 2.851494867188449911e-01 2.852041625587258822e-01 2.852588386492541650e-01 2.853135149865547726e-01 2.853681915667516944e-01 2.854228683859682536e-01 0.000000000000000000e+00
2.839380003281232745e-01 2.839926781896786046e-01 2.840473563908512689e-01 2.841020349277832424e-01 2.841567137966156675e-01 2.842113929934891314e-01 2.842660725145433886e-01 2.843207523559171945e-01 2.843754325137489714e-01 2.844301129841758646e-01 2.844847937633345758e-01 2.845394748473609736e-01 2.845941562323900942e-01 2.846488379145561409e-01 2.847035198899927066e-01 2.847582021548324405e-01 2.848128847052073254e-01 2.848675675372485672e-01 2.849222506470865390e-01 2.849769340308508925e-01 2.850316176846706129e-01 2.850863016046735199e-01 2.851409857869871556e-01 2.851956702277378963e-01 2.852503549230516744e-01 2.853050398690534228e-01 2.853597250618674641e-01 2.854144104976171770e-01 2.854690961724252185e-01 0.000000000000000000e+00
2.839839774343049239e-01 2.840386641496588926e-01 2.840933512046850407e-01 2.841480385955248433e-01 2.842027263183188324e-01 2.842574143692070954e-01 2.843121027443285542e-01 2.843667914398215757e-01 2.844214804518236384e-01 2.844761697764714992e-01 2.845308594099012489e-01 2.845855493482479237e-01 2.846402395876460600e-01 2.846949301242293062e-01 2.847496209541304779e-01 2.848043120734817801e-01 2.848590034784144187e-01 2.849136951650590444e-01 2.849683871295453641e-01 2.850230793680024743e-01 2.850777718765585278e-01 2.851324646513410110e-01 2.851871576884766890e-01 2.852418509840913829e-01 2.852965445343101925e-01 2.853512383352576620e-01 2.854059323830572259e-01 2.854606266738319298e-01 2.855153212037036536e-01 0.000000000000000000e+00
2.840299517963426612e-01 2.840846473649667470e-01 2.841393432733179680e-01 2.841940395175372447e-01 2.842487360937644980e-01 2.843034329981389274e-01 2.843581302267991773e-01 2.844128277758827261e-01 2.844675256415267750e-01 2.845222238198671372e-01 2.845769223070393483e-01 2.846316210991778894e-01 2.846863201924166864e-01 2.847410195828886104e-01 2.847957192667259774e-01 2.848504192400602708e-01 2.849051194990221969e-01 2.849598200397417402e-01 2.850145208583479417e-01 2.850692219509691760e-01 2.851239233137332074e-01 2.851786249427667452e-01 2.852333268341958883e-01 2.852880289841459027e-01 2.853427313887413885e-01 2.853974340441060020e-01 2.854521369463627889e-01 2.855068400916339066e-01 2.855615434760407911e-01 0.000000000000000000e+00
2.840759234104935915e-01 2.841306278318584955e-01 2.841853325930056018e-01 2.842400376900751091e-01 2.842947431192064389e-01 2.843494488765380690e-01 2.844041549582078110e-01 2.844588613603529215e-01 2.845135680791095467e-01 2.845682751106132780e-01 2.846229824509988182e-01 2.846776900963999823e-01 2.847323980429501411e-01 2.847871062867815550e-01 2.848418148240259296e-01 2.848965236508141374e-01 2.849512327632760522e-01 2.850059421575413254e-01 2.850606518297381653e-01 2.851153617759944470e-01 2.851700719924372129e-01 2.852247824751925620e-01 2.852794932203859268e-01 2.853342042241421295e-01 2.853889154825849928e-01 2.854436269918375624e-01 2.854983387480222179e-01 2.855530507472606172e-01 2.856077629856734745e-01 0.000000000000000000e+00
2.841218922730141538e-01 2.841766055465901331e-01 2.842313191600032707e-01 2.842860331093931547e-01 2.843407473908985406e-01 2.843954620006573508e-01 2.844501769348068976e-01 2.845048921894836047e-01 2.845596077608230634e-01 2.846143236449601432e-01 2.846690398380289921e-01 2.847237563361629809e-01 2.847784731354945920e-01 2.848331902321556419e-01 2.848879076222770590e-01 2.849426253019892163e-01 2.849973432674212659e-01 2.850520615147022485e-01 2.851067800399597618e-01 2.851614988393211814e-01 2.852162179089127170e-01 2.852709372448600234e-01 2.853256568432877560e-01 2.853803767003201264e-01 2.854350968120802912e-01 2.854898171746907964e-01 2.855445377842735222e-01 2.855992586369491271e-01 2.856539797288380478e-01 0.000000000000000000e+00
2.841678583801608982e-01 2.842225805054172660e-01 2.842773029705658594e-01 2.843320257717454891e-01 2.843867489050943553e-01 2.844414723667498812e-01 2.844961961528484906e-01 2.845509202595261078e-01 2.846056446829177133e-01 2.846603694191575662e-01 2.847150944643792592e-01 2.847698198147152748e-01 2.848245454662978182e-01 2.848792714152577066e-01 2.849339976577255906e-01 2.849887241898310108e-01 2.850434510077026196e-01 2.850981781074686250e-01 2.851529054852562362e-01 2.852076331371921070e-01 2.852623610594017811e-01 2.853170892480102472e-01 2.853718176991417166e-01 2.854265464089196236e-01 2.854812753734665698e-01 2.855360045889044351e-01 2.855907340513543780e-01 2.856454637569366128e-01 2.857001937017707993e-01 0.000000000000000000e+00
2.842138217281897083e-01 2.842685527045952787e-01 2.843232840209479750e-01 2.843780156733859976e-01 2.844327476580470471e-01 2.844874799710677693e-01 2.845422126085841996e-01 2.845969455667313741e-01 2.846516788416438848e-01 2.847064124294552134e-01 2.847611463262982312e-01 2.848158805283050321e-01 2.848706150316070440e-01 2.849253498323345846e-01 2.849800849266175273e-01 2.850348203105847467e-01 2.850895559803646173e-01 2.851442919320843483e-01 2.851990281618706491e-01 2.852537646658494519e-01 2.853085014401459119e-01 2.853632384808841849e-01 2.854179757841880383e-01 2.854727133461800181e-01 2.855274511629823375e-01 2.855821892307162102e-01 2.856369275455019063e-01 2.856916661034594740e-01 2.857464049007075180e-01 0.000000000000000000e+00
2.842597823133564683e-01 2.843145221403791667e-01 2.843692623074037806e-01 2.844240028105682883e-01 2.844787436460095020e-01 2.845334848098634017e-01 2.845882262982655231e-01 2.846429681073502360e-01 2.846977102332514664e-01 2.847524526721021410e-01 2.848071954200346312e-01 2.848619384731800874e-01 2.849166818276694380e-01 2.849714254796325008e-01 2.850261694251984279e-01 2.850809136604954830e-01 2.851356581816513192e-01 2.851904029847927013e-01 2.852451480660456729e-01 2.852998934215354998e-01 2.853546390473865046e-01 2.854093849397225657e-01 2.854641310946665622e-01 2.855188775083406516e-01 2.855736241768662143e-01 2.856283710963637423e-01 2.856831182629533394e-01 2.857378656727538879e-01 2.857926133218838260e-01 0.000000000000000000e+00
2.843057401319166733e-01 2.843604888090235927e-01 2.844152378261875502e-01 2.844699871795456358e-01 2.845247368652342179e-01 2.845794868793885546e-01 2.846342372181436264e-01 2.846889878776330818e-01 2.847437388539902359e-01 2.847984901433475158e-01 2.848532417418364604e-01 2.849079936455878870e-01 2.849627458507318911e-01 2.850174983533976247e-01 2.850722511497136846e-01 2.851270042358078349e-01 2.851817576078068406e-01 2.852365112618370779e-01 2.852912651940237576e-01 2.853460194004917017e-01 2.854007738773646219e-01 2.854555286207655640e-01 2.855102836268169075e-01 2.855650388916401994e-01 2.856197944113560983e-01 2.856745501820847633e-01 2.857293061999452988e-01 2.857840624610561431e-01 2.858388189615349573e-01 0.000000000000000000e+00
2.843516951801253190e-01 2.844064527067830528e-01 2.844612105735528362e-01 2.845159687765710377e-01 2.845707273119734149e-01 2.846254861758946708e-01 2.846802453644691200e-01 2.847350048738299111e-01 2.847897647001095822e-01 2.848445248394398388e-01 2.848992852879518312e-01 2.849540460417756549e-01 2.850088070970406839e-01 2.850635684498756817e-01 2.851183300964084122e-01 2.851730920327659735e-01 2.852278542550747420e-01 2.852826167594602058e-01 2.853373795420472425e-01 2.853921425989597305e-01 2.854469059263208819e-01 2.855016695202532429e-01 2.855564333768784713e-01 2.856111974923173369e-01 2.856659618626901653e-01 2.857207264841161720e-01 2.857754913527140728e-01 2.858302564646015842e-01 2.858850218158958123e-01 0.000000000000000000e+00
2.843976474542372901e-01 2.844524138299116545e-01 2.845071805457529690e-01 2.845619475978971025e-01 2.846167149824791465e-01 2.846714826956331934e-01 2.847262507334928361e-01 2.847810190921905571e-01 2.848357877678584504e-01 2.848905567566275554e-01 2.849453260546283562e-01 2.850000956579902267e-01 2.850548655628422079e-01 2.851096357653121194e-01 2.851644062615272257e-01 2.852191770476140698e-01 2.852739481196982507e-01 2.853287194739047572e-01 2.853834911063577451e-01 2.854382630131805376e-01 2.854930351904957919e-01 2.855478076344252769e-01 2.856025803410900399e-01 2.856573533066102955e-01 2.857121265271057031e-01 2.857668999986949232e-01 2.858216737174958944e-01 2.858764476796258336e-01 2.859312218812011253e-01 0.000000000000000000e+00
2.844435969505070827e-01 2.844983721746631722e-01 2.845531477390411124e-01 2.846079236397762724e-01 2.846626998730029112e-01 2.847174764348547327e-01 2.847722533214646079e-01 2.848270305289645199e-01 2.848818080534857300e-01 2.849365858911587224e-01 2.849913640381133151e-01 2.850461424904784380e-01 2.851009212443821328e-01 2.851557002959521081e-01 2.852104796413146293e-01 2.852652592765957396e-01 2.853200391979204276e-01 2.853748194014129602e-01 2.854295998831969938e-01 2.854843806393950745e-01 2.855391616661294152e-01 2.855939429595210077e-01 2.856487245156902888e-01 2.857035063307569733e-01 2.857582884008399438e-01 2.858130707220573052e-01 2.858678532905263303e-01 2.859226361023636809e-01 2.859774191536851307e-01 0.000000000000000000e+00
2.844895436651889709e-01 2.845443277372910473e-01 2.845991121496699860e-01 2.846538968984604900e-01 2.847086819797962076e-01 2.847634673898101765e-01 2.848182531246345461e-01 2.848730391804008000e-01 2.849278255532396442e-01 2.849826122392808969e-01 2.850373992346536545e-01 2.850921865354862916e-01 2.851469741379062395e-01 2.852017620380403740e-01 2.852565502320146829e-01 2.853113387159543768e-01 2.853661274859837782e-01 2.854209165382267654e-01 2.854757058688059956e-01 2.855304954738438483e-01 2.855852853494613708e-01 2.856400754917793883e-01 2.856948658969176158e-01 2.857496565609949912e-01 2.858044474801298418e-01 2.858592386504396066e-01 2.859140300680410585e-01 2.859688217290500822e-01 2.860236136295818410e-01 0.000000000000000000e+00
2.845354875945368400e-01 2.845902805140485547e-01 2.846450737738921433e-01 2.846998673702016425e-01 2.847546612991099790e-01 2.848094555567495800e-01 2.848642501392522064e-01 2.849190450427485088e-01 2.849738402633684720e-01 2.850286357972415807e-01 2.850834316404960433e-01 2.851382277892597905e-01 2.851930242396595871e-01 2.852478209878215876e-01 2.853026180298712244e-01 2.853574153619330422e-01 2.854122129801308638e-01 2.854670108805877904e-01 2.855218090594259239e-01 2.855766075127669223e-01 2.856314062367314444e-01 2.856862052274393715e-01 2.857410044810099747e-01 2.857958039935615813e-01 2.858506037612119077e-01 2.859054037800776715e-01 2.859602040462750905e-01 2.860150045559193832e-01 2.860698053051250467e-01 0.000000000000000000e+00
2.845814287348042981e-01 2.846362305011885252e-01 2.846910326079596376e-01 2.847458350512509506e-01 2.848006378271948913e-01 2.848554409319231095e-01 2.849102443615668112e-01 2.849650481122560364e-01 2.850198521801201590e-01 2.850746565612878869e-01 2.851294612518870952e-01 2.851842662480447710e-01 2.852390715458872350e-01 2.852938771415399755e-01 2.853486830311277034e-01 2.854034892107746302e-01 2.854582956766036350e-01 2.855131024247373195e-01 2.855679094512972305e-01 2.856227167524043598e-01 2.856775243241786444e-01 2.857323321627394108e-01 2.857871402642052638e-01 2.858419486246939201e-01 2.858967572403225410e-01 2.859515661072071224e-01 2.860063752214633270e-01 2.860611845792056518e-01 2.861159941765480941e-01 0.000000000000000000e+00
2.846273670822445645e-01 2.846821776949636229e-01 2.847369886481244117e-01 2.847917999378596909e-01 2.848466115603013327e-01 2.849014235115804317e-01 2.849562357878273611e-01 2.850110483851716614e-01 2.850658612997420405e-01 2.851206745276666510e-01 2.851754880650725910e-01 2.852303019080864033e-01 2.852851160528336316e-01 2.853399304954393756e-01 2.853947452320275135e-01 2.854495602587215353e-01 2.855043755716438758e-01 2.855591911669165262e-01 2.856140070406603115e-01 2.856688231889955576e-01 2.857236396080417573e-01 2.857784562939175710e-01 2.858332732427407707e-01 2.858880904506286291e-01 2.859429079136976415e-01 2.859977256280631375e-01 2.860525435898402247e-01 2.861073617951427339e-01 2.861621802400841075e-01 0.000000000000000000e+00
2.846733026331106919e-01 2.847281220916260125e-01 2.847829418906380194e-01 2.848377620262787513e-01 2.848925824946795249e-01 2.849474032919708799e-01 2.850022244142825234e-01 2.850570458577432742e-01 2.851118676184814515e-01 2.851666896926242645e-01 2.852215120762984779e-01 2.852763347656298576e-01 2.853311577567433366e-01 2.853859810457634039e-01 2.854408046288132716e-01 2.854956285020159301e-01 2.855504526614931482e-01 2.856052771033660287e-01 2.856601018237551193e-01 2.857149268187799684e-01 2.857697520845594030e-01 2.858245776172115837e-01 2.858794034128536166e-01 2.859342294676021634e-01 2.859890557775728870e-01 2.860438823388808394e-01 2.860987091476401289e-01 2.861535361999641980e-01 2.862083634919658226e-01 0.000000000000000000e+00
2.847192353836554002e-01 2.847740636874276365e-01 2.848288923317515153e-01 2.848837213127585755e-01 2.849385506265793011e-01 2.849933802693435658e-01 2.850482102371806326e-01 2.851030405262185985e-01 2.851578711325852278e-01 2.852127020524071188e-01 2.852675332818102039e-01 2.853223648169198601e-01 2.853771966538603544e-01 2.854320287887553431e-01 2.854868612177277054e-01 2.855416939368996543e-01 2.855965269423922925e-01 2.856513602303263344e-01 2.857061937968213283e-01 2.857610276379965453e-01 2.858158617499699794e-01 2.858706961288590698e-01 2.859255307707806448e-01 2.859803656718504783e-01 2.860352008281836778e-01 2.860900362358946292e-01 2.861448718910968303e-01 2.861997077899031683e-01 2.862545439284257531e-01 0.000000000000000000e+00
2.847651653301310759e-01 2.848200024786202711e-01 2.848748399677161203e-01 2.849296777935493297e-01 2.849845159522500504e-01 2.850393544399473233e-01 2.850941932527697453e-01 2.851490323868450250e-01 2.852038718382999827e-01 2.852587116032608838e-01 2.853135516778529945e-01 2.853683920582008593e-01 2.854232327404283009e-01 2.854780737206583097e-01 2.855329149950131540e-01 2.855877565596142698e-01 2.856425984105824267e-01 2.856974405440374509e-01 2.857522829560983912e-01 2.858071256428839080e-01 2.858619686005112737e-01 2.859168118250974278e-01 2.859716553127583660e-01 2.860264990596094736e-01 2.860813430617651365e-01 2.861361873153389634e-01 2.861910318164441747e-01 2.862458765611926026e-01 2.863007215456959687e-01 0.000000000000000000e+00
